#한국 비만 확률 수치
#1.나이
#2.몸무게(kg)
#3.키(cm)
20,30,160
20,31,161
20,32,162
20,33,163
20,34,164
20,35,165
20,36,166
20,37,167
20,38,168
20,39,169
20,40,170
20,41,171
20,42,173
20,43,174
20,43,175
20,44,176
20,45,177
20,46,178
20,47,179
20,48,180
21,30,160
21,31,161
21,32,162
21,33,163
21,34,164
21,35,165
21,36,166
21,37,167
21,38,168
21,39,169
21,40,170
21,41,171
21,42,173
21,43,174
21,43,175
21,44,176
21,45,177
21,46,178
21,47,179
21,48,180
22,30,160
22,31,161
22,32,162
22,33,163
22,34,164
22,35,165
22,36,166
22,37,167
22,38,168
22,39,169
22,40,170
22,41,171
22,42,173
22,43,174
22,43,175
22,44,176
22,45,177
22,46,178
22,47,179
22,48,180
23,30,160
23,31,161
23,32,162
23,33,163
23,34,164
23,35,165
23,36,166
23,37,167
23,38,168
23,39,169
23,40,170
23,41,171
23,42,173
23,43,174
23,43,175
23,44,176
23,45,177
23,46,178
23,47,179
23,48,180
24,30,160
24,31,161
24,32,162
24,33,163
24,34,164
24,35,165
24,36,166
24,37,167
24,38,168
24,39,169
24,40,170
24,41,171
24,42,173
24,43,174
24,43,175
24,44,176
24,45,177
24,46,178
24,47,179
24,48,180
25,30,160
25,31,161
25,32,162
25,33,163
25,34,164
25,35,165
25,36,166
25,37,167
25,38,168
25,39,169
25,40,170
25,41,171
25,42,173
25,43,174
25,43,175
25,44,176
25,45,177
25,46,178
25,47,179
25,48,180
26,30,160
26,31,161
26,32,162
26,33,163
26,34,164
26,35,165
26,36,166
26,37,167
26,38,168
26,39,169
26,40,170
26,41,171
26,42,173
26,43,174
26,43,175
26,44,176
26,45,177
26,46,178
26,47,179
26,48,180
27,30,160
27,31,161
27,32,162
27,33,163
27,34,164
27,35,165
27,36,166
27,37,167
27,38,168
27,39,169
27,40,170
27,41,171
27,42,173
27,43,174
27,43,175
27,44,176
27,45,177
27,46,178
27,47,179
27,48,180
28,30,160
28,31,161
28,32,162
28,33,163
28,34,164
28,35,165
28,36,166
28,37,167
28,38,168
28,39,169
28,40,170
28,41,171
28,42,173
28,43,174
28,43,175
28,44,176
28,45,177
28,46,178
28,47,179
28,48,180
29,30,160
29,31,161
29,32,162
29,33,163
29,34,164
29,35,165
29,36,166
29,37,167
29,38,168
29,39,169
29,40,170
29,41,171
29,42,173
29,43,174
29,43,175
29,44,176
29,45,177
29,46,178
29,47,179
29,48,180
30,30,160
30,31,161
30,32,162
30,33,163
30,34,164
30,35,165
30,36,166
30,37,167
30,38,168
30,39,169
30,40,170
30,41,171
30,42,173
30,43,174
30,43,175
30,44,176
30,45,177
30,46,178
30,47,179
30,48,180
