#한국 비만 확률 수치
#1.나이
#2.몸무게(kg)
#3.키(cm)
#4.결과값(1or0)
20,30,160,1
20,31,161,0
20,32,162,1
20,33,163,0
20,34,164,1
20,35,165,0
20,36,166,1
20,37,167,0
20,38,168,1
20,39,169,0
20,40,170,1
20,41,171,0
20,42,173,1
20,43,174,0
20,43,175,1
20,44,176,0
20,45,177,1
20,46,178,0
20,47,179,1
20,48,180,0
21,30,160,1
21,31,161,0
21,32,162,1
21,33,163,0
21,34,164,1
21,35,165,0
21,36,166,1
21,37,167,0
21,38,168,1
21,39,169,0
21,40,170,1
21,41,171,0
21,42,173,1
21,43,174,0
21,43,175,1
21,44,176,0
21,45,177,1
21,46,178,0
21,47,179,1
21,48,180,0
22,30,160,1
22,31,161,0
22,32,162,1
22,33,163,0
22,34,164,1
22,35,165,0
22,36,166,1
22,37,167,0
22,38,168,1
22,39,169,0
22,40,170,1
22,41,171,0
22,42,173,1
22,43,174,0
22,43,175,1
22,44,176,0
22,45,177,1
22,46,178,0
22,47,179,1
22,48,180,0
23,30,160,1
23,31,161,0
23,32,162,1
23,33,163,0
23,34,164,0
23,35,165,1
23,36,166,0
23,37,167,1
23,38,168,0
23,39,169,1
23,40,170,0
23,41,171,0
23,42,173,0
23,43,174,1
23,43,175,0
23,44,176,0
23,45,177,1
23,46,178,0
23,47,179,1
23,48,180,0
24,30,160,1
24,31,161,0
24,32,162,1
24,33,163,0
24,34,164,1
24,35,165,0
24,36,166,1
24,37,167,0
24,38,168,1
24,39,169,0
24,40,170,1
24,41,171,0
24,42,173,1
24,43,174,0
24,43,175,0
24,44,176,1
24,45,177,0
24,46,178,0
24,47,179,1
24,48,180,0
25,30,160,1
25,31,161,0
25,32,162,1
25,33,163,1
25,34,164,1
25,35,165,0
25,36,166,1
25,37,167,0
25,38,168,0
25,39,169,1
25,40,170,0
25,41,171,1
25,42,173,0
25,43,174,1
25,43,175,0
25,44,176,1
25,45,177,0
25,46,178,1
25,47,179,0
25,48,180,1
26,30,160,0
26,31,161,1
26,32,162,0
26,33,163,1
26,34,164,0
26,35,165,1
26,36,166,0
26,37,167,1
26,38,168,0
26,39,169,1
26,40,170,1
26,41,171,0
26,42,173,1
26,43,174,0
26,43,175,0
26,44,176,1
26,45,177,1
26,46,178,1
26,47,179,0
26,48,180,1
27,30,160,0
27,31,161,1
27,32,162,0
27,33,163,1
27,34,164,0
27,35,165,1
27,36,166,0
27,37,167,1
27,38,168,0
27,39,169,1
27,40,170,0
27,41,171,1
27,42,173,1
27,43,174,0
27,43,175,1
27,44,176,0
27,45,177,1
27,46,178,0
27,47,179,1
27,48,180,0
28,30,160,0
28,31,161,1
28,32,162,1
28,33,163,0
28,34,164,0
28,35,165,1
28,36,166,0
28,37,167,1
28,38,168,1
28,39,169,0
28,40,170,1
28,41,171,0
28,42,173,1
28,43,174,0
28,43,175,1
28,44,176,0
28,45,177,1
28,46,178,0
28,47,179,1
28,48,180,0
29,30,160,1
29,31,161,1
29,32,162,0
29,33,163,0
29,34,164,1
29,35,165,0
29,36,166,0
29,37,167,1
29,38,168,0
29,39,169,1
29,40,170,0
29,41,171,1
29,42,173,0
29,43,174,1
29,43,175,0
29,44,176,1
29,45,177,0
29,46,178,1
29,47,179,0
29,48,180,1
30,30,160,0
30,31,161,1
30,32,162,0
30,33,163,1
30,34,164,0
30,35,165,1
30,36,166,0
30,37,167,1
30,38,168,0
30,39,169,1
30,40,170,0
30,41,171,1
30,42,173,1
30,43,174,0
30,43,175,0
30,44,176,1
30,45,177,0
30,46,178,1
30,47,179,0
30,48,180,1

